130
188
164
732
7H7F4J; 131; 122; 110; 6
HJB3YB; 102; 53; 172; 72
A3DJ17; 146; 21; 72; 38
I931Z2; 92; 101; 127; 14
K8DTWZ; 96; 108; 99; 80
KCH7K3; 15; 4; 106; 23
JD43HC; 46; 60; 125; 66
59X60L; 144; 105; 41; 20
XY3EI8; 142; 127; 91; 66
0OG9BY; 74; 20; 142; 26
XZKOQ2; 66; 61; 115; 80
VGUUBB; 128; 19; 177; 65
1DDGHN; 106; 86; 82; 75
B9LINB; 27; 126; 141; 70
6DA74W; 64; 101; 171; 39
OCS8XE; 3; 114; 1; 86
DM7IUJ; 94; 5; 183; 19
VDVN0K; 93; 60; 123; 85
4E4FZI; 93; 81; 78; 59
K2OPWV; 17; 118; 91; 50
5IYD3E; 127; 34; 178; 60
ZAVBNH; 33; 51; 150; 53
TIB0LX; 6; 14; 115; 1
7R2VSP; 122; 49; 135; 22
ATWDF0; 15; 29; 181; 66
H20ATD; 135; 40; 122; 1
LMC5GT; 28; 17; 59; 74
LQ1YK2; 127; 43; 102; 85
ACXVDY; 108; 48; 17; 18
3BGKAK; 103; 91; 11; 77
C6MIQV; 81; 42; 56; 5
QZM038; 106; 81; 170; 82
56FPR3; 67; 37; 100; 44
QW5EI4; 14; 53; 80; 38
2KTVXH; 66; 13; 33; 14
5D4H32; 108; 122; 117; 79
8O9GEJ; 100; 17; 95; 9
PLYR68; 36; 93; 22; 63
6RZ141; 83; 44; 50; 38
XCMCB5; 157; 69; 129; 14
L7RHOG; 17; 58; 132; 16
FK2EMS; 111; 43; 76; 39
D5PQB5; 73; 5; 143; 20
GCUF2J; 33; 1; 103; 51
QCR8Y5; 133; 123; 4; 58
Q35P1J; 157; 100; 76; 61
H6BP63; 121; 59; 183; 53
NXOK5L; 12; 28; 150; 82
4F5PAG; 35; 5; 167; 55
DILL6B; 159; 130; 83; 6
Q2588U; 121; 125; 131; 65
9AHT50; 152; 70; 12; 80
E6MESU; 5; 38; 99; 34
LMOU7P; 65; 89; 184; 24
DZHIBG; 5; 18; 43; 5
LKJ0EG; 11; 86; 143; 77
CPOBTW; 115; 24; 128; 9
HBTOBM; 130; 14; 97; 2
HCG539; 19; 20; 76; 83
Q6CUXE; 154; 74; 162; 53
LNAGC1; 59; 13; 133; 22
SG7KAG; 64; 46; 34; 32
HYTMKP; 160; 119; 19; 70
YE8N6G; 40; 91; 182; 12
1MC4YR; 57; 72; 76; 82
TE922D; 143; 88; 20; 71
EA4EJP; 149; 127; 159; 15
YI68D6; 117; 91; 183; 31
STHXRD; 113; 22; 5; 61
N38B20; 60; 58; 5; 18
65I5D1; 129; 38; 8; 85
0Z5JWR; 14; 7; 22; 43
0WQS9L; 164; 68; 40; 55
KWKFDH; 149; 10; 84; 76
7C47NN; 161; 26; 134; 6
13U0HW; 83; 20; 129; 50
MD0WPU; 147; 57; 58; 53
W0PBFA; 13; 70; 169; 69
CK3ET2; 133; 30; 68; 69
0Z6Q9T; 135; 114; 34; 10
WJ876P; 22; 75; 10; 30
8ON01B; 7; 67; 121; 67
K55R8P; 147; 28; 170; 39
AKZGAI; 90; 96; 129; 69
FWG23A; 44; 51; 70; 18
ZD9L4P; 92; 43; 131; 5
ZQ8ODK; 139; 23; 139; 4
AV92NV; 102; 110; 83; 60
PQ8X3G; 11; 108; 156; 82
SP55VF; 143; 120; 102; 19
R42J25; 18; 94; 47; 12
WE0VPL; 47; 30; 66; 51
81IW8L; 68; 89; 3; 53
NP0XAD; 149; 105; 48; 26
4V9VI7; 77; 96; 37; 33
XFDJ5E; 108; 39; 142; 18
4GBQE9; 3; 14; 167; 73
DWQI2F; 2; 72; 153; 55
LIZCTX; 13; 40; 77; 52
O2BC1U; 38; 15; 93; 70
2GE6EF; 44; 90; 122; 53
M5HAH4; 17; 124; 175; 13
S3Y05M; 68; 127; 131; 7
XG216K; 28; 113; 51; 31
ZNOFU2; 94; 72; 77; 40
9OPPEV; 153; 91; 55; 14
VI5F2B; 93; 9; 32; 69
CZDA3N; 106; 80; 67; 16
Y6130Y; 61; 71; 28; 32
6X3IMC; 70; 44; 183; 28
67A6Q4; 82; 81; 182; 77
K0BFQU; 154; 36; 94; 25
VET2NT; 162; 67; 107; 76
22E4RB; 12; 80; 95; 15
FF4838; 47; 1; 184; 67
GMNE3B; 118; 68; 88; 3
1L4KQF; 47; 5; 68; 56
FXH7PU; 151; 108; 82; 82
BE7D7A; 92; 74; 71; 51
6K81CT; 95; 121; 36; 27
23IULV; 30; 28; 3; 85
00LQKK; 54; 9; 136; 9
6XN6YX; 71; 5; 184; 72
VXQ629; 68; 76; 18; 58
FOH26C; 105; 126; 13; 47
1FLU6P; 92; 63; 174; 23
CNXN8O; 106; 24; 15; 18
ZNKJ0H; 51; 16; 28; 78
MLBU1U; 99; 53; 183; 84
0NPBY3; 106; 54; 174; 73
X01G8O; 155; 89; 40; 79
PQHSO0; 23; 86; 137; 37
DFA20H; 38; 30; 181; 10
J1FBM7; 91; 40; 47; 69
SEAAF9; 53; 23; 24; 50
JMZOWH; 111; 100; 83; 32
4B1ZC8; 30; 59; 113; 9
HTHIL1; 14; 101; 27; 58
Q3OYMN; 14; 86; 89; 27
77FQL7; 93; 3; 159; 60
EMW1AQ; 147; 127; 93; 28
PMMJME; 100; 105; 63; 3
GY2Q2K; 140; 71; 33; 72
DWCYIT; 52; 88; 106; 18
Q30B3Z; 105; 92; 79; 67
VAIL0B; 79; 127; 168; 20
FIYFUL; 117; 85; 153; 49
ES4CPF; 53; 37; 30; 41
TCTWKW; 26; 40; 131; 67
GIKZY4; 9; 98; 188; 54
JVRG2U; 151; 121; 113; 86
OGVU88; 13; 126; 141; 39
C9Z5LD; 152; 32; 135; 37
TGZ1E5; 97; 6; 75; 40
9U36U6; 133; 94; 79; 86
0QNGL1; 43; 74; 147; 82
AIXKOQ; 85; 76; 137; 25
FH23DF; 6; 39; 102; 44
WVTATC; 126; 119; 67; 81
TNPTGT; 140; 80; 76; 62
4YGTQC; 144; 62; 183; 56
9W4H47; 103; 7; 169; 57
TSBB1S; 142; 71; 30; 37
VOQ90S; 133; 73; 77; 28
149, 62, 80, 120, 152, 57, 56, 28, 25, 83, 140, 71, 66, 155, 1
69, 121, 149, 142, 76, 1, 25, 109, 102, 6, 13, 147, 163, 74, 15, 150, 42, 82, 43, 95, 56, 8, 162, 145, 36, 119, 125, 112, 91, 52, 135, 66, 5, 79, 65, 148, 9, 127, 81, 44, 12, 146, 64, 115, 80, 27, 2, 35, 157, 93, 101, 0, 23, 120, 122, 31, 126, 60, 83, 37, 7, 40, 136, 111, 156, 10, 28, 144, 32, 19, 90, 88, 99, 151, 89, 106, 143, 3, 87, 137, 104, 123, 159, 21, 55, 16
139, 40, 52, 93, 8, 112, 161, 101, 150, 69, 141, 157, 125, 73, 105, 92, 160, 17, 94, 75, 59, 68, 29, 50, 44, 151, 64, 131, 43, 154, 86, 130, 122, 23, 13, 60, 32, 7, 9, 117, 109, 132, 95, 70, 5, 88, 146, 19, 106, 127, 84, 83, 79, 66, 4, 119, 118, 20, 124, 111, 153, 115, 99, 2
134, 130, 117, 64, 44, 50, 36, 160, 153, 27, 122, 41, 103, 9, 102, 28, 115, 3, 101, 74, 25, 136, 106, 47
36, 75, 12, 46, 108, 138, 133, 134, 117, 147, 98, 85, 91, 131, 65, 102
132, 134, 75, 34, 36, 124, 98, 160, 54, 120, 77, 67, 58, 17, 78, 49, 63, 146, 126, 162, 1, 62, 45, 24, 29, 16, 140, 92, 109, 93, 96, 131, 121, 3, 79, 149, 144, 163, 148, 154, 130, 145, 94, 156, 20, 91, 97, 150, 33, 31, 6, 40, 55, 117, 66, 73, 81, 69, 72, 136, 116, 95, 7
91, 22, 140, 146, 86, 83, 56, 39, 74, 162, 134, 35, 16, 5, 82, 125, 73, 45, 52, 148, 101, 18, 114, 63, 156, 119, 79, 150, 95, 154, 78, 104, 28, 155, 151, 48, 129, 4, 13, 113, 94, 15, 159, 80, 14, 34, 55, 43, 8, 142, 37, 27, 9, 109, 130, 62, 160, 105, 153, 36, 3, 72, 158, 44, 88, 157, 133, 49, 71, 99, 143, 163, 21, 98, 23, 41, 58, 107, 92, 106, 66, 50, 30, 33, 108, 6, 40, 120, 70, 103, 139, 84, 116, 26, 57, 32, 0, 122, 89, 42, 81, 10, 29, 115, 112, 31, 137, 19, 127, 54, 64
2, 137, 46, 18, 24, 26, 140, 56, 96, 127, 114, 81, 67, 55, 112, 82, 121, 95, 161, 16, 104, 60, 45, 31, 64, 28, 143, 150, 4, 156, 76, 153, 59, 37, 0, 12, 66, 147, 139, 65, 157, 97, 119, 151, 98, 134, 117, 149, 23, 25, 84, 13, 27, 160, 77, 15, 83, 108, 70, 122, 32, 69, 93, 50, 36, 44, 3, 155, 57, 145, 123, 128, 54, 85, 10, 148, 124, 80, 29, 42, 163, 63, 107, 89, 91, 154, 87, 53, 133, 115, 43, 52, 75, 159, 102, 19, 105, 47, 79, 125, 35, 73
119, 52, 146, 41, 122, 11, 149, 161, 113, 101, 131, 141, 139, 126, 84, 64, 36, 115, 153, 51, 80, 150, 109, 75, 94, 128, 155, 60, 97, 37, 129, 56, 124, 21, 12, 121, 24, 99, 103, 16, 3, 55, 117, 30, 23, 95, 133, 28, 9, 65, 140, 71, 118, 100, 82, 70, 132, 22, 63, 87, 46, 31
56, 58, 11, 66, 51, 131, 114, 26, 2, 3, 64, 126, 89, 137, 57, 73, 90, 155, 55, 151, 112, 148, 108, 133, 17, 25, 79, 139, 93, 113, 16, 81, 135, 37, 106, 4, 110, 98, 121, 130, 80, 129, 105, 54, 75, 21, 101, 149, 52, 1, 27, 69, 82, 9, 107, 48, 36, 43, 161, 29, 72, 60, 46, 141, 59, 124, 99, 158, 31, 92, 100, 53, 68, 116, 102, 88, 74, 123, 49, 71, 118, 77, 14, 23, 127, 20, 28, 115, 19, 83, 163, 8, 147, 32, 24, 63, 5, 154, 132, 153, 67, 140, 143, 104, 7, 62, 18, 144, 156, 44, 33, 12, 22, 128, 0, 136, 109, 152, 42, 65, 120, 15, 78, 35, 117, 96, 84, 45, 111, 157, 50, 47, 138, 13, 97, 70, 125, 61, 103, 95, 122, 145, 87, 40, 146, 30, 159, 86, 119, 91, 38, 160, 6, 94, 162, 150, 76, 39, 134, 41, 10, 142, 85, 34
108, 9, 111, 23, 69, 91, 81, 120, 75, 1, 158, 109, 125, 101, 88, 26, 100, 124, 49, 63, 47, 40, 71, 4, 45, 102, 157, 78, 60, 50, 7, 46, 144, 90, 119, 96, 151, 56, 156, 121, 146, 98, 66, 103, 33, 161, 68, 136, 118, 34, 134, 160, 21, 141, 42, 135, 37, 27, 123, 112, 31, 39, 77, 83, 16, 93, 149, 19, 117, 59, 8, 150, 122, 154, 116, 2, 132, 14, 110, 142, 32, 84, 85, 139, 86, 28, 11, 51, 0, 72, 113, 92, 104, 55, 87, 133, 82, 53, 130, 153, 70, 126, 74, 24, 76, 159, 163, 48, 115, 107, 44, 138, 20, 73, 29, 128, 80, 67, 114, 106, 89, 131, 155, 162, 99, 58, 35, 64, 79, 30, 148, 147, 15, 97, 13, 127, 43, 12, 61, 94, 145, 6, 95, 57, 140, 129, 18, 5, 36, 65, 52, 41, 38, 25, 3, 17
123, 23, 161, 92, 151, 78, 63, 110, 79, 3, 67, 119, 86, 4, 62, 29, 9, 53, 99, 52, 148, 40, 122
102, 161, 125, 70, 56, 74, 52, 13, 152, 94, 5, 7, 138, 144, 130, 46, 87, 149, 78, 95, 163, 143, 6, 67, 45, 39, 116, 155, 159, 68, 71, 16, 23, 32, 11, 122, 19, 26, 103, 75, 162, 129, 100, 60, 69, 54, 124, 134, 82, 64
115, 157, 97, 109, 8, 11, 118, 39, 50, 127, 4, 7, 17, 46, 138, 31, 112, 99, 156, 89, 65, 132, 143, 33, 0, 101, 51, 20, 49, 135, 68, 13, 1, 74, 163, 108, 37, 9, 154, 103, 38, 43
48, 117, 10, 148, 98, 79, 163, 67, 50, 153, 64, 150, 82
2, 86, 91, 109, 48, 11, 131, 160, 137, 92, 150, 83, 155, 55, 57, 37, 70, 85, 82, 5, 104, 112, 124, 60, 22, 98, 146, 68, 40, 143, 4, 77, 0, 123, 125, 72, 27, 163, 59, 33, 75, 90, 62, 84, 13, 28, 127, 50, 6, 49, 56, 161, 115, 1, 35, 58, 16, 142, 106, 46, 69, 20, 134, 12, 105, 148, 141, 64, 162, 108, 110
19, 22, 91, 109, 4, 161, 10, 20, 5, 139, 50, 75, 73, 106, 111, 102, 162, 103, 115, 1, 110, 28, 156, 153, 42, 149, 88, 99, 85, 150, 142, 138, 8, 56
89, 129, 17, 23, 125, 48, 110, 103, 104, 75, 30, 149, 37, 137, 24, 121, 126, 40, 99, 100, 151, 135, 50, 25, 152, 96, 109, 70, 28, 46, 22, 64, 161, 142, 158, 80, 11, 118, 90, 68, 111, 105, 20, 162, 2, 97, 19, 56, 38, 78, 98, 148, 5, 124, 21, 9, 8, 87, 7, 72, 150, 53, 49
16, 63, 57, 4, 83, 33, 104, 3, 100, 145, 34, 74, 19, 35, 92, 161, 44, 32, 1, 127, 13, 81, 137, 112, 9, 85, 102, 89, 48, 29, 59, 0, 160, 146, 126, 27, 26, 58, 78, 41, 101, 125
0, 127, 92, 114, 140, 38, 77, 133, 121, 107, 155, 135, 36, 74, 82, 69, 42, 41, 81, 49, 37, 113, 56, 83, 91, 73, 156, 126, 157, 162, 88, 96, 99, 71, 153, 62, 29, 115
112, 65, 1, 13, 8, 70, 29, 90, 62, 37, 30, 161, 84, 54, 92, 73, 34, 16, 33, 68, 27, 106, 44, 3, 160, 144, 74, 52, 142, 105, 4, 18, 147, 58, 109, 123, 83, 10, 35, 113, 82, 116, 129, 46, 63, 5, 25, 138, 48, 79, 50, 95, 115, 36, 107, 60, 57, 78, 43, 86, 131, 102, 111, 132, 143, 23, 61, 130, 117, 149, 24, 17, 148, 108, 110, 125, 56, 100, 162, 156, 81, 39, 103, 151, 163, 64, 12, 98, 118, 41, 136, 137, 99
78, 37, 147, 138, 134, 106, 13, 128, 9, 129, 74, 54, 98, 68, 93, 72, 86, 10, 60, 105, 80, 61, 122, 4, 50, 123, 69, 125, 58, 42, 87, 111, 130, 89, 0, 33, 136, 94, 132, 8, 77, 34, 22, 119, 79, 126, 124, 7, 133, 113, 84, 152, 104, 162, 66, 48, 47, 40, 151, 153, 141, 159, 140, 36, 17, 116, 53, 64, 20, 148, 56, 114, 6, 82, 3, 75, 83, 39, 131, 121, 21, 139, 101, 145, 12, 88, 23, 161, 28, 62, 52, 26, 19, 96, 43, 150, 70, 71, 11, 90, 32, 163, 51, 99, 16, 14, 146, 44, 5, 107, 46, 142
136, 71, 23, 7, 148, 155, 60, 88, 52, 53, 16, 62, 63, 59, 87, 150, 9, 162, 43, 130, 47, 110, 159, 85, 100, 81, 145, 42, 25, 105, 119, 27, 69, 35, 158, 46, 48, 143, 56, 57, 142, 13, 109, 98, 28, 51, 15, 0, 2, 92, 101, 139, 37, 39, 132, 82
142, 115, 144, 4, 20, 99, 126, 40, 41, 29
62, 147, 127, 148, 155, 38, 10, 32, 13, 33, 1, 0, 50, 87, 72, 150, 65, 57, 126, 158, 111, 131, 6, 113, 149, 31, 41, 37, 25, 97, 21, 120, 29, 49, 160, 71, 27, 95, 82, 144, 159, 63, 103, 54, 109, 46, 40, 44, 66, 157, 78, 130, 69, 81, 70, 20, 135, 104, 98, 143, 114, 108, 85, 16, 125, 89, 107, 55, 153, 102, 140, 12, 92, 117, 11, 56, 124, 151, 86, 132, 145, 112, 43, 52, 19, 23, 101, 133, 88, 28, 152, 99, 61, 100, 24, 118, 35, 75, 80, 116, 64, 51, 90, 42, 110, 4, 30, 76, 5, 83, 162, 122, 146, 3, 139, 129, 96, 59, 136, 106, 163, 84, 67, 2
100, 134, 57, 36, 113, 118, 119, 135, 76, 52, 122, 139, 73, 16, 49, 61, 50, 41, 21, 104, 35, 89, 145, 142, 161, 37, 120, 130, 155, 22, 132, 156, 69, 160, 112, 108, 127, 74, 1, 20, 65, 162, 54, 151, 133, 103, 14, 39, 43, 8, 67, 141, 46, 81, 33, 51, 34, 129, 63, 111, 137
40, 24, 70, 34, 32, 101, 19, 131, 121, 112, 147, 144, 56, 39, 149, 29, 90, 61, 128, 120, 89, 118, 153, 48, 96, 130, 12, 78, 100, 139, 75, 76, 0, 86, 54, 35, 15, 91, 158, 42, 140, 103, 18, 122, 57, 137, 141, 104, 71, 52, 99, 151, 69, 47, 41, 162, 10, 62, 94, 119, 37, 43, 125, 155, 25, 123, 5, 59, 46, 134, 80, 145, 9, 73, 82, 124, 102, 13, 72, 38, 8, 45, 143, 68, 66, 33, 142, 23, 163, 6, 17, 36, 107, 87, 65, 74, 28, 129, 136, 79, 83, 97, 150, 115, 160, 60, 3, 50, 77, 152, 85, 138, 84, 55, 95, 16, 64, 21, 31
2, 41, 30, 19, 80, 141, 92, 14, 60, 145, 88, 110, 8, 73, 85, 13, 55, 114, 68, 61, 163, 117, 146, 36, 15, 142, 132, 130, 77, 148, 126, 59, 51, 89, 69, 90, 131, 84, 116, 150, 118, 81, 115, 112, 6, 67, 162, 25, 122, 1, 75, 0, 105, 93, 74, 43, 137, 97, 31, 42, 160, 121, 158, 37, 76, 79, 156, 21, 3, 95, 152, 133, 45, 147, 124, 65, 5, 151, 129, 136, 27, 26, 161, 139, 153, 154, 143, 20, 87, 24, 70, 125, 9, 57, 144, 103, 94, 109, 135, 33
80, 153, 16, 129, 108, 125, 75, 37, 66, 29, 83, 49, 77, 87, 38, 41, 121, 65, 35, 131, 74, 156, 71, 34, 102, 136, 145, 42, 2, 100, 10, 60, 98, 22, 117, 62, 7, 158, 110, 141, 113, 73, 105, 94, 68, 107, 85, 55, 154, 45, 148, 97, 23, 91, 14, 146, 124, 64, 5, 61, 106, 30, 12, 11
26, 7, 126, 145, 140, 99, 79, 69, 8, 89, 125, 91, 29, 9, 152, 96, 86, 14, 42, 95, 64, 10, 43, 159, 93, 143, 97, 6, 73, 53, 25, 88, 75, 39, 68, 133, 70, 77, 120, 33, 127, 102, 35, 36, 115, 101, 149, 47, 55, 41, 111, 121, 81, 40, 135, 18, 107, 27
81, 62, 151, 113, 108, 120, 125, 148, 40, 78, 80, 105, 137, 100, 83, 63, 31, 58, 96, 124, 75, 3, 71, 129, 30, 140, 147, 145, 52, 85, 9, 43, 73, 44, 74, 5, 135, 13, 87, 57, 104, 126, 0, 46, 84, 138, 150, 107, 161, 162, 159, 10, 123, 90, 136, 18, 110, 17, 91, 133, 106, 99, 68, 121, 50, 19, 82, 41, 142, 36, 27, 32, 61, 15, 134, 89, 103, 79, 42, 92, 94, 34, 117, 158, 139, 101, 4, 155, 6, 69, 76, 77, 128, 153, 22, 28, 53, 55, 26, 56, 98, 12, 24, 160, 132, 115, 131, 37, 143, 146, 33, 122, 16, 54, 65, 95, 1, 67, 97, 157, 14, 66, 8, 102, 149, 23, 111, 72, 59, 118, 45, 70, 144, 127, 20, 119, 29, 112, 35, 114, 25, 152, 141, 130, 48, 60, 2, 11, 39, 21, 86, 88, 93, 49, 163, 51, 38, 7, 154, 109, 116
158, 66, 154, 144, 16, 10, 117, 147, 123, 67, 129, 24, 75, 131, 148, 25, 56, 2, 107, 20, 63, 58, 43, 155, 59, 149, 27, 12, 138, 156, 105, 48, 110, 142, 115, 106, 81, 89, 128, 1, 3, 103, 62, 77, 98, 23, 72, 88, 126, 74, 6, 121, 122, 143, 65, 163, 118, 61, 68, 46, 113, 139, 101, 35, 157, 100, 85, 135, 94, 146, 92, 137, 26, 125, 34, 120, 104, 0, 96, 114, 50, 102, 162, 40, 51, 52, 159, 18, 84, 133, 49, 14, 57, 70, 71
47, 103, 83, 29, 109, 121, 106, 45, 148, 107, 80, 33, 40, 163, 1, 78, 74, 91, 61, 57, 16, 44, 150, 135, 49, 36, 118, 68, 55, 115, 67, 2, 99, 139, 38, 137, 122, 62, 64, 102, 85, 151, 41, 126, 93, 100, 23, 129, 128, 140, 8, 81, 28, 59, 116, 142, 0, 134, 92, 70, 56, 112, 143, 113, 43, 17, 11, 123, 34, 155, 141, 87, 48, 146, 95, 101, 24, 54, 6, 119, 75, 10, 161, 63, 51, 110, 158, 84, 52, 97, 144, 104, 152, 86, 30, 3, 14, 58, 127, 66, 105, 125, 149, 69, 153, 20, 131, 76, 133, 21, 46, 25, 60, 71, 145, 53, 108, 26, 77, 114, 31, 32, 9, 130, 39, 94, 72, 42, 89, 27, 88, 136, 162, 124, 4, 98, 132, 138, 35, 90, 160, 19, 18, 15, 159, 120, 50, 5, 147, 22, 111, 82
88, 96, 39, 158, 42, 78, 142, 120, 106, 144, 49, 92, 139, 47, 104, 9, 22, 100, 61, 21, 79, 71, 17, 63, 38, 10, 75, 57, 149, 151, 5, 137, 13, 135, 146, 150, 40, 6, 86, 112, 26, 4, 123, 107, 48, 99, 117, 115, 55, 118, 36, 121, 65, 16, 128, 46, 141, 109, 56, 33, 64, 20, 105, 81, 132, 113, 3, 45, 152, 108, 66, 8, 14, 41, 114
8, 7, 155, 130, 3, 68, 121, 93, 140, 54, 26, 46, 90, 92, 11, 77, 4, 40, 116, 84, 103, 17, 104, 124, 27, 139, 24, 10, 110, 148, 85, 37, 109, 43, 105, 48, 60, 126, 160, 36, 45, 57, 44, 95, 161, 131, 149, 6, 72, 14, 73, 137, 129, 156, 96, 115, 154, 98, 64, 38, 0, 28, 35, 153, 125, 50, 145, 102, 59
7, 13, 138, 140, 151, 144, 41, 51, 47, 48, 65, 163, 8, 100, 44, 14, 92, 74, 30, 1, 105, 10, 115, 102, 133, 126, 124, 5, 75, 95, 107, 25, 101, 94, 152, 141, 156, 61, 153, 35, 158, 71, 45, 103, 87, 83, 89, 56, 70, 28, 109, 53, 38, 58, 98, 80, 72, 88, 19, 93, 148, 62, 52, 119, 155, 154, 150, 17, 22, 113, 32, 57, 162, 27, 142, 9, 68, 134, 117, 123, 97, 157, 137, 118, 66, 55, 112, 79, 54, 21, 85, 36, 31, 18, 96, 11, 24, 143, 76, 23, 16, 4, 3, 128, 84, 139, 15, 131, 6, 136, 82, 59, 12, 20, 37, 108, 132, 73, 33, 127, 2, 39, 77, 86, 116, 160
118, 10, 106, 15, 111, 6, 126, 17, 83, 11, 33, 112, 46, 90, 129, 137, 34, 51, 123, 136, 22, 66, 85, 135, 42, 79, 64, 124, 132, 141, 117, 49, 5, 96, 58, 145, 156, 53, 127, 21, 105, 72, 12, 139, 80, 16, 140, 39, 158, 41, 155, 138, 88, 40, 61, 76, 100, 89, 92, 152, 13, 147, 32, 125, 74, 70, 153, 68, 75, 37, 95, 60, 109, 84, 50, 77, 69, 143, 107, 29, 24, 159, 55, 154, 119, 120, 18, 134, 27, 86, 97, 110, 7, 162, 87, 78, 47, 63, 151, 45, 149, 99, 20, 130, 31, 0, 103, 52, 28, 19, 23, 9, 73, 2, 59, 57, 1, 81, 4, 116, 114, 56, 36, 54, 93, 14, 144, 122, 150, 102, 121, 163, 98, 71, 101, 38, 108, 30, 142, 25, 131, 3, 146, 43, 26, 128, 115, 35, 157
31, 136, 18, 105, 23, 99, 141, 22, 82, 135, 19, 42, 83, 7, 130, 92, 11, 72, 15, 150, 122, 93, 8, 25, 97, 74, 52, 51, 138, 116, 79, 100, 132, 61, 121, 62, 10, 4, 126, 86, 103, 89, 56, 151, 143, 5, 125, 96, 71, 36, 40, 75, 124
148, 69, 15, 84, 99, 153, 16, 17, 110, 13, 43, 71, 4, 76, 19, 29, 123, 64, 83, 149, 116, 133, 90, 79, 73, 49, 118, 82, 128, 1, 100, 121, 147, 38, 48, 63, 34, 6, 27, 111, 131, 108, 77, 21, 10, 156, 151, 144, 119, 125, 137, 127, 54, 117, 150, 3, 52, 93, 70, 35, 67, 87, 97, 135, 45, 94, 85, 40, 109, 14, 154, 75, 78, 2, 136, 20, 30, 101, 129, 89, 62, 72, 86, 28, 0, 51, 24, 95, 159, 106, 88, 143, 32, 138, 46, 81, 161, 68, 142, 33, 126, 130, 61, 120, 96, 36, 163, 80, 122, 124, 59, 65, 12, 102, 98, 42, 58, 55, 160, 23, 47, 104, 60, 158, 44
24, 30, 36, 159, 79, 122, 38, 19, 75, 125, 52, 40, 68, 54, 131, 130, 27, 69, 147, 104, 155, 97, 81, 23, 87, 47, 111, 10, 55, 60, 107, 77, 12, 140, 105, 115, 49, 86, 66, 11, 154, 162, 145, 82, 7, 72, 100, 50, 129, 32, 76, 41
133, 158, 65, 157, 24, 155, 81, 162, 153, 125, 95, 86, 159, 15, 39, 96, 8, 4, 85, 23, 10, 1, 37, 132, 59, 141, 5, 136, 53, 0, 119, 31, 98, 60, 75, 127, 12, 91, 84
132, 149, 143, 160, 58, 84, 90, 127, 34, 62, 17, 136, 45, 9, 109
67, 42, 69, 146, 142, 104, 36, 136, 143, 9, 135, 160, 44, 139, 34, 148, 108, 35, 21, 10, 112, 11, 127, 83, 28, 94, 141, 110, 147, 102, 151, 56, 101, 16, 81, 17, 106, 140, 15, 48, 24, 132, 96, 85, 100, 47, 60, 87, 133, 144, 0, 103, 31, 4, 18, 130, 22, 54, 113, 75, 59, 58, 3, 33, 117, 150, 156, 55, 13, 105, 26, 73, 63, 107, 7, 109, 2, 114, 61, 120, 46, 29, 71, 79, 50, 30, 111, 66, 91, 131, 38, 41, 77, 119, 145, 23, 98, 19, 64, 95, 158, 161, 137, 32, 128, 57, 134, 40, 125, 72, 5, 74, 51, 14, 157, 99, 153, 115, 43, 123, 97, 52, 126, 8, 121, 1, 89, 86, 93, 65, 45, 68, 70, 162, 92, 53, 154, 159, 80, 39, 116, 25, 129, 76, 88, 155, 12, 118, 49, 149, 20, 124, 122, 163, 37, 82, 90, 78, 84
81, 142, 89, 141, 147, 101, 67, 112, 148, 88, 115, 45, 70, 87, 57, 0, 77, 23, 46, 95, 109, 59, 34, 82, 135, 25, 90, 68, 137, 149, 17, 8, 91, 39, 84, 133, 80, 22, 74, 106, 54, 36, 63, 100, 104, 13, 129, 125, 16, 14, 159, 108, 83, 56, 138, 158, 15, 65, 50, 28, 37, 30, 73, 120, 26, 51
10, 78, 3, 112, 53, 51, 6, 50, 137, 80, 136, 49, 52, 64, 63, 74, 113, 140, 83, 106, 133, 158, 59, 142, 38, 152, 20, 127, 72, 147, 13, 157, 21, 28, 156, 22, 60, 85, 79, 88, 76, 23, 5, 134, 61, 39, 37, 43, 135, 141, 139, 143, 68, 54, 41, 58, 35, 90, 36, 124, 130, 4, 19, 146, 149, 108, 115, 144, 82, 1, 94, 120, 111, 96, 33, 154, 12, 148, 27, 0, 98, 45, 18, 151, 71, 123, 31, 26, 92, 119, 118, 150, 138, 2, 128, 116, 11, 55, 153, 93, 48, 32, 132, 100, 122, 57, 117, 155, 99, 69, 7, 24, 25, 109, 103, 30, 8, 56, 105, 16, 102, 101, 110, 62, 114, 91, 81, 160, 84, 44, 75, 34, 47, 107, 46, 163, 131
24, 65, 88, 69
150, 30, 41, 17, 33, 106, 68, 143, 89, 5, 126, 50, 9, 45, 66, 129, 64, 22, 162
0, 103, 133, 128, 157, 97, 110, 27, 132, 108, 37, 154, 25, 86, 114, 119, 36, 163, 38, 159, 155, 28, 81, 125, 24, 50, 9, 121, 14, 104, 47, 20, 87, 137, 11, 75, 12, 83, 122, 22, 123, 96, 113, 126, 34, 76, 44, 56, 39, 54, 129, 131, 31, 138, 78
151, 83, 139, 154, 19, 67, 25, 135, 52, 140, 121, 13, 148, 56, 49, 64, 20, 97, 85, 66, 63, 78, 152, 106, 8, 18, 163, 156, 58, 136, 69, 28, 144, 76, 127, 149, 11, 123, 104, 153, 45, 134, 30, 6, 84, 14, 157, 35, 42, 7, 125, 137, 81, 111, 29, 88, 110, 159, 57, 59, 65, 122, 32, 133, 158, 161, 147, 75, 160, 9, 145, 130, 129, 146, 118, 114, 50, 99, 37, 24, 51, 124, 34, 143, 41, 47, 103, 89, 68, 113, 119, 2, 131, 40, 80, 54, 43, 142, 5, 31, 86, 109, 15, 117, 91, 126, 4, 138, 107, 48, 21, 44, 105, 3, 95, 27, 96, 82, 22, 102, 108, 92, 10, 112, 70, 150, 38, 72, 94, 39, 116, 100, 60, 71, 1, 155, 17, 120, 132, 46
111, 48, 148, 78, 84, 35, 33, 53, 11, 65, 81, 141, 153, 34, 28, 36, 123, 26, 159, 158, 10, 9, 122, 142, 119, 99, 96, 24, 138, 77, 57, 113, 2, 127, 82, 31, 97, 38, 139, 4, 86, 106, 58, 64, 131, 115, 60, 133, 62, 55, 160, 98, 39, 135, 102, 46, 8, 69, 6, 73, 40, 155, 90, 152, 19, 52, 20, 116, 75, 51, 163, 94, 88, 126, 27, 150, 151, 108, 71, 61, 5, 72, 154, 87, 93, 117, 70, 137, 129, 63
96, 13, 18, 119, 42, 114, 116, 95, 74, 77, 126, 141, 101, 72, 41, 44, 59, 127, 86, 15, 94, 132, 2, 75, 56, 99, 142, 49, 105, 84, 65, 130, 118, 12, 154, 70, 10, 1, 152, 33, 17, 161, 6, 67, 102, 106, 29, 8, 39, 64, 22, 157, 31, 111, 160, 55, 52, 4, 34, 11, 69, 3, 38, 51, 145, 131, 117, 48, 90, 103, 147, 36, 26, 66, 158, 128, 155, 151, 91, 35, 134, 159, 129, 135, 143, 97, 80, 0, 153, 81, 45, 110, 60, 54, 27, 71, 7, 53, 85, 73, 112, 68, 23, 78, 107, 76, 46, 82, 92, 40, 140, 32, 162, 79, 149, 137, 5, 63, 28, 89, 146, 144, 58, 150, 123, 163, 24, 122, 62, 120, 139, 136, 113, 133, 87, 9, 37, 156, 50, 16, 30, 115, 21, 98
159, 88, 127, 138, 128, 85, 51, 163, 80, 24, 143, 31, 23, 152, 0, 111, 142, 83, 154, 78, 13, 160, 59, 28, 122, 33, 96, 141, 38, 145, 64, 162, 19, 109, 69, 90, 55, 76, 70, 119, 71, 146, 102, 133, 30, 116, 7, 32, 86, 36, 58, 121, 95, 25, 104
90, 42, 59, 157, 17, 70, 39, 92, 136, 54, 76, 14, 109, 101, 30, 29, 80, 83, 44, 141, 153, 81, 32, 150, 13, 102, 122, 145, 69, 156, 37, 126
129, 60, 115, 132, 109, 77, 30, 33, 154, 24, 43, 45, 66, 105, 125, 133, 90, 155, 142, 96, 29, 51, 20, 160, 72, 148, 145, 113, 146, 49, 27, 55, 48, 11, 97, 50, 59, 152, 83, 79, 98, 84, 134, 15, 159, 53, 78, 102, 141, 135, 37, 122, 2, 139, 144, 117, 35, 9, 120, 62, 34, 136, 118, 108, 99, 23, 0, 7, 128, 31, 103, 54, 114, 41, 42, 147, 85, 39, 95, 163, 68, 116, 73, 158, 70, 137, 4, 69, 140, 44, 40, 138, 14, 89, 65, 123, 17, 110, 143, 104, 63, 21, 121, 18, 153, 150, 46, 19, 12, 131, 16
100, 81, 42, 78, 149, 75, 102, 66, 135, 128, 127, 67, 27, 39, 124, 49, 153, 132, 84, 59, 101, 93, 15, 53, 106, 110
62, 15, 159, 129, 49, 158, 163, 103, 66, 143, 59, 80, 58, 95, 31, 4, 124, 46, 9, 14, 30, 150, 23, 65, 63, 6, 140, 97, 136, 123, 108, 0, 142, 127, 52, 100, 154, 13, 109, 135, 56, 82, 8, 54, 122, 115, 18, 125, 157, 81, 1, 43, 29, 39, 67, 40, 138, 26, 162, 79, 91, 117, 47, 120, 16, 92, 132, 70, 71, 94, 105, 5, 145, 34, 86, 38, 55, 74, 98, 10, 93, 107, 112, 147, 139, 28, 41, 20, 118, 53, 144, 83, 27, 87, 155, 133, 101, 57, 152, 121, 72, 17, 89, 102, 126, 45, 151, 88, 85, 64, 35, 78, 148, 104, 12, 48, 130, 60, 21, 44, 137, 77, 68, 37, 76, 25, 146, 33, 84, 50, 156, 51, 22, 75, 96
103, 49, 58, 41, 97, 117, 54, 104, 133, 137, 163, 93, 127, 131, 21, 68, 101, 94, 60, 80, 88, 81, 138, 19, 52, 44, 0, 91, 85, 86, 45, 3, 113, 115, 31, 24, 12, 14, 76, 5, 28, 18, 82, 30, 64, 70, 11, 120, 111, 154, 79, 20, 106, 69, 125, 50, 23, 142, 151, 8, 143, 122, 153, 84, 4, 29, 109, 162, 158, 132, 78, 39, 128, 33, 92, 123, 73, 116, 139, 46, 56, 37, 32, 124, 63, 89, 102, 59, 135, 161, 61, 43, 100, 22, 47, 74, 129, 160, 105, 55, 141, 75, 126, 110, 53, 25, 48, 114, 147, 95, 66, 36, 13, 9, 57, 62
123, 117, 32, 78, 63, 54, 97, 90, 140, 44, 9, 56, 75, 12, 14, 86, 27, 73, 82, 23, 38, 161, 51, 146, 120, 101, 21, 47, 41, 119, 29, 60, 57, 109, 158, 131, 99, 35, 61, 121, 45, 100, 77, 37, 46, 5, 55, 157, 154, 102, 3, 107, 10, 111, 162, 113, 1, 20, 143, 152, 94, 17, 114, 0
139, 60, 98, 16, 102, 148, 51, 65, 42, 134, 154, 111, 30, 150, 130, 156, 54, 138, 77, 4, 28, 70, 99, 61, 160, 47, 143, 75, 145, 69
108, 7, 21, 130, 147, 93, 120, 81, 161, 114, 26, 125, 41, 77, 154, 146, 51, 110, 126, 52, 75, 151, 149, 160, 29, 118, 31, 134, 66, 64, 71, 115, 137, 80, 6, 100, 91, 141, 94, 84, 123, 124, 44, 122, 103, 132, 35, 37, 143, 95, 79, 92, 50, 78, 18, 73, 88, 69, 140, 155, 162, 72, 56, 10, 43, 82, 9, 3, 145, 117, 87, 158, 101, 57, 17, 65, 1, 47, 36, 25, 148, 90, 97, 127, 8, 76, 139, 138, 48, 53, 152, 2, 104, 63, 74, 58, 107, 85, 22, 153, 60, 131
87, 139, 111, 84, 110, 57, 135, 105, 30, 62, 68, 96, 70, 45, 130, 44, 3, 11, 38, 63, 66, 81, 137, 27, 141, 124, 37, 88, 43, 143, 98, 159, 40, 47, 65, 29, 26, 127, 56, 8, 115, 35
8, 162, 77, 106, 91, 94, 42, 121, 75, 115, 158, 40, 107, 57, 3, 17, 89, 87, 97, 151, 28, 136, 143, 39, 1, 141, 135, 85, 71, 81, 13, 83, 139, 86, 155, 21, 154, 48, 117, 68, 0, 125, 98, 134, 147, 32, 60, 104, 70, 35, 150, 78, 92, 51, 105, 50, 53, 76, 49, 96, 22, 69, 160, 23, 43, 100, 163, 72, 131, 93, 36, 10, 152, 2, 41, 109, 126, 74, 31, 159, 156, 62, 61, 119, 11, 111, 129, 27, 44, 12, 18, 157, 25, 67, 47, 34, 82, 132, 138, 59, 4, 33, 140, 54, 79, 108, 14, 120, 24, 64, 142, 137, 112, 101, 122, 149, 37, 130, 56, 102, 55, 90, 29, 127, 19, 58, 110, 5, 30, 146, 16, 7, 84, 144, 95, 153, 124, 63, 113, 15, 133, 128, 118, 46, 148, 65, 80, 52, 66, 73, 6, 116, 145, 103
150, 80, 41, 142, 153, 3, 28, 59, 146, 74, 47, 129, 126, 12, 34, 148, 76, 24, 64, 131, 91, 116, 103, 55, 121, 144, 86, 50, 56, 125, 30, 51, 71, 38, 101, 149, 16, 135, 18, 20, 151, 83, 100, 136, 118, 21, 94, 119, 122, 13, 114, 49, 10, 154, 163, 5, 112, 35, 63, 60, 108, 40, 45, 130, 44, 158, 1, 42, 156, 127, 138, 69, 68, 104, 29, 134, 58, 15, 143, 54, 72, 27, 81, 97, 66, 43
11, 6, 14, 5, 95, 74, 149, 54, 82, 94, 96, 108, 45, 120, 72, 158, 109, 32, 139, 37, 119, 88, 136, 150, 56, 89, 7, 124, 48, 111, 69, 83, 81, 36, 53, 110, 65, 35, 80, 99, 112, 144, 104, 154, 31, 78, 100, 116, 59, 153, 41, 133, 17, 0, 64, 73, 1, 115, 157, 8, 24, 62, 90, 44, 18, 106, 25, 50, 46, 145, 10, 26, 126, 152, 117, 68, 129, 134, 162, 123, 33, 23, 122, 71, 60, 34, 16, 156, 118, 38, 21, 98, 132, 15, 84, 52, 58, 29, 138, 75, 142, 141, 67, 47, 151, 77, 86, 125, 3, 107, 92, 57, 130, 147, 79, 30, 160, 140
76, 98, 50, 103, 10, 19, 11, 104, 123, 146, 79
24, 94, 90, 135, 133, 19, 147, 17, 33, 32, 69, 158, 26, 113, 16, 155, 79, 57, 129, 47, 85, 50, 103, 115, 141, 123, 106, 149, 34, 31, 63
42, 37, 51, 67, 88, 115, 141, 94, 75, 139, 47, 79, 140, 44, 68, 4, 97, 125, 7, 134, 107, 117, 31, 109, 8, 76, 132, 153, 96, 80, 100, 53, 14, 55, 111, 108, 84, 19, 127, 70, 138, 142, 89, 85, 105, 148, 121, 119, 49, 43, 50, 101, 102, 52, 41, 58, 66, 5, 25, 155, 72, 113, 149, 146, 40, 137, 24, 151, 123, 10, 0, 77, 95, 12, 27, 71, 48, 2, 136, 60, 160, 82, 131, 74, 81, 56, 91, 54, 29, 98, 87, 18, 104, 6, 159, 30, 144, 135, 64, 147, 33, 130, 20, 99, 22, 112, 15, 157, 118, 156, 124, 45, 61, 34, 150, 21, 158, 114, 103, 120, 116, 65, 28, 129, 1, 133, 36, 106, 9, 163, 26, 128, 13, 161, 62, 69, 110, 78, 38, 145, 162, 90, 35, 152, 122, 3, 46, 23, 73, 143, 154, 92, 83, 126, 39, 57, 11, 93
